,0,1,2,3,4,5,6,7,8,9,10,11,12,13,14,15,16,17,18,19,20,21,22,23,24,25,26,27,28,29,30,31,32,33,34,35,36,37,38,39,40,41,42,43,44,45,46,47,48,49,50,51,52,53,54,55,56,57,58,59,60,61,62,63,64,65,66,67,68,69,70,71,72,73,74,75,76,77,78,79,80,81,82,83,84,85,86,87,88,89,90,91,92,93,94,95,96,97,98,99,100,101,102,103,104,105,106,107,108,109,110,111,112,113,114,115,116,117,118,119,120,121,122,123,124,125,126,127,128,129,130,131,132,133,134,135,136,137,138,139,140,141,142,143,144,145,146,147,148,149,150,151,152,153,154,155,156,157,158,159,160,161,162,163,164,165,166,167,168,169,170,171,172,173,174,175,176,177,178,179,180,181,182,183,184,185,186,187,188,189,190,191,192,193,194,195,196,197,198,199,200,201,202,203,204,205,206,207,208,209,210,211,212,213,214,215,216,217,218,219,220,221,222,223,224,225,226,227,228,229,230,231,232,233,234,235,236,237,238,239,240,241,242,243,244,245,246,247,248,249,250,251,252,253,254,255,256,257,258,259,260,261,262,263,264,265,266,267,268,269,270,271,272,273,274,275,276,277,278,279,280,281,282,283,284,285,286,287,288,289,290,291,292,293,294,295,296,297,298,299,300,301,302,303,304,305,306,307,308,309,310,311,312,313,314,315,316,317,318,319,320,321,322,323,324,325,326,327,328,329,330,331,332,333,334,335,336,337,338,339,340,341,342,343,344,345,346,347,348,349,350,351,352,353,354,355,356,357,358,359,360,361,362,363,364,365,366,367,368,369,370,371,372,373,374,375,376,377,378,379,380,381,382,383,384,385,386,387,388,389,390,391,392,393,394,395,396,397,398,399,400,401,402,403,404,405,406,407,408,409,410,411,412,413,414,415,416,417,418,419,420,421,422,423,424,425,426,427,428,429,430,431,432,433,434,435,436,437,438,439,440,441,442,443,444,445,446,447,448,449,450,451,452,453,454,455,456,457,458,459,460,461,462,463,464,465,466,467,468,469,470,471,472,473,474,475,476,477,478,479,480,481,482,483,484,485,486,487,488,489,490,491,492,493,494,495,496,497,498,499,500,501,502,503,504,505,506,507,508,509,510,511,512,513,514,515,516,517,518,519,520,521,522,523,524,525,526,527,528,529,530,531,532,533,534,535,536,537,538,539,540,541,542,543,544,545,546,547,548,549,550,551,552,553,554,555,556,557,558,559,560,561,562,563,564,565,566,567,568,569,570,571,572,573,574,575,576,577,578,579,580,581,582,583,584,585,586,587,588,589,590,591,592,593,594,595,596,597,598,599,600,601,602,603,604,605,606,607,608,609,610,611,612,613,614,615,616,617,618,619,620,621,622,623,624,625,626,627,628,629,630,631,632,633,634,635,636,637,638,639,640,641,642,643,644,645,646,647,648,649,650,651,652,653,654,655,656,657,658,659,660,661,662,663,664,665,666,667,668,669,670,671,672,673,674,675,676,677,678,679,680,681,682,683,684,685,686,687,688,689,690,691,692,693,694,695,696,697,698,699,700,701,702,703,704,705,706,707,708,709,710,711,712,713,714,715,716,717,718,719,720,721,722,723,724,725,726,727,728,729,730,731,732,733,734,735,736,737,738,739,740,741,742,743,744,745,746,747,748,749,750,751,752,753,754,755,756,757,758,759,760,761,762,763,764,765,766,767,768,769,770,771,772,773,774,775,776,777,778,779,780,781,782,783,784,785,786,787,788,789,790,791,792,793,794,795,796,797,798,799,800,801,802,803,804,805,806,807,808,809,810,811,812,813,814,815,816,817,818,819,820,821,822,823,824,825,826,827,828,829,830,831,832,833,834,835,836,837,838,839,840,841,842,843,844,845,846,847,848,849,850,851,852,853,854,855,856,857,858,859,860,861,862,863,864,865,866,867,868,869,870,871,872,873,874,875,876,877,878,879,880,881,882,883,884,885,886,887,888,889,890,891,892,893,894,895,896,897,898,899,900,901,902,903,904,905,906,907,908,909,910,911,912,913,914,915,916,917,918,919,920,921,922,923,924,925,926,927,928,929,930,931,932,933,934,935,936,937,938,939,940,941,942,943,944,945,946,947,948,949,950,951,952,953,954,955,956,957,958,959,960,961,962,963,964,965,966,967,968,969,970,971,972,973,974,975,976,977,978,979,980,981,982,983,984,985,986,987,988,989,990,991,992,993,994,995,996,997,998,999
0,0.62753546,-0.0096467845,1.6664438,1.1384743,1.4155324,2.214007,2.6676269,1.6732512,1.025496,1.5335934,0.7288461,1.1489687,0.10539235,2.3471456,2.2617912,1.2777176,1.1945547,1.1373701,1.7903969,1.1353847,1.3932785,1.266467,1.2730442,1.167724,1.567339,2.522843,0.5228522,0.24639718,1.9495958,1.2952017,1.0066942,1.0131087,0.5317523,4.3768387,1.1209598,1.8065808,2.0361323,1.8009295,1.325982,0.6688578,2.177946,1.7632772,2.3688369,2.229482,1.0038716,1.9175841,0.859315,1.0129613,1.0196147,0.25945687,1.7097539,1.1460472,1.2466823,0.7381849,1.8855647,2.0500274,1.9326422,4.320473,1.9013891,0.95087844,1.3486776,-0.9278234,1.0366416,0.63748807,1.4597574,0.8684478,0.8317804,1.6174324,1.6084983,2.1265786,1.3026391,0.123048104,1.7867386,2.468178,0.5573014,0.670926,0.98597133,1.3377451,2.2402823,3.2753394,0.46580634,1.4582044,0.19448407,1.5791336,0.5354963,2.3343859,1.3702145,2.1121583,2.2611659,1.5339736,0.79686105,0.8091196,-0.032431133,3.442297,2.719575,2.3183932,1.3793254,2.626809,2.1887243,2.9186707,0.8731749,0.828403,1.7635986,1.2804819,1.7060834,0.704685,-0.2346296,-0.08263857,0.7826984,1.7080792,1.0044158,1.6520975,0.47139493,1.6951308,1.7761954,2.009639,1.3059806,1.0995121,2.4579868,0.42443797,2.417269,1.5064615,1.0178429,0.56711024,0.5663074,1.6540068,1.5588901,-0.09634792,1.6645176,2.2766478,1.5592573,-0.03165921,0.93199354,2.348448,0.6500644,1.6517657,1.1694574,0.8059054,1.5716761,0.92442614,1.9816823,0.83615726,0.80880743,1.2133273,2.0532608,1.3419791,2.3824677,1.1742451,1.1367313,1.2990022,1.3435407,2.6819317,0.6108976,0.7049086,1.4053106,1.6055678,1.1532303,2.2153456,1.9081233,0.5036492,1.9830039,2.7635474,1.6407154,1.4164307,0.78381586,2.550496,0.0930801,1.4366441,1.5207123,2.0619447,0.9504453,0.3224672,0.29073286,1.1446619,1.416463,2.2594335,1.5555979,1.9548761,0.2653442,2.4464083,1.0896996,0.23771761,1.4444705,1.6727022,2.2143462,0.58401525,1.5847069,1.8418119,2.3778265,0.8532463,1.5494672,0.3151766,0.07082768,-0.18069294,1.4394736,2.0310476,1.012345,0.80687666,0.17328775,0.0342812,1.4678614,1.2545712,1.0089068,2.3846505,2.1283107,1.7179006,0.44443685,0.7102981,-0.12573607,0.628406,1.0504749,0.9262863,1.4208351,1.7985185,0.8391377,1.262126,1.4982,1.3324275,1.7986319,3.2827942,1.4318646,-0.529176,1.7685262,0.7699446,1.7769926,0.49783346,1.6822019,0.31487665,2.5189667,-0.15519099,1.7257283,1.8202902,1.0002478,1.1461351,0.70924413,1.2703605,1.5477628,2.4241407,1.374498,2.0232897,0.69552773,1.7689531,0.28052586,0.963394,1.482269,1.5261139,1.1156311,-0.2819168,-0.16062854,0.6221423,1.5828189,2.708863,0.6149393,2.5919266,1.5501205,-0.20824847,1.3333453,1.3436759,1.1707455,1.4277431,1.2296302,2.001572,-0.12363357,2.295335,2.552673,0.6783985,1.1610394,2.2732356,0.41925424,1.376178,1.6375438,2.7408416,-2.176956,-0.8029407,0.8504134,0.53223944,1.5274137,2.2274747,1.577883,3.4203072,-0.23856303,-0.17245789,2.2119746,2.1661427,0.20399843,2.0862706,1.7733461,0.60110563,0.4434465,1.605073,4.243785,1.4575855,1.1861429,1.5931934,1.6039114,1.7201936,1.9152335,1.5816659,1.4175726,2.764639,1.0979142,1.0345796,1.2470403,0.8434982,1.200579,0.7049605,0.023841074,0.92837095,2.3491337,0.74467915,0.46733144,0.7833041,2.2960842,0.19138645,1.4619638,2.8649049,1.1761417,0.6621335,1.2712449,2.1419542,0.0062790564,0.17228886,0.064955615,1.3229394,2.203435,1.4002752,0.73940575,2.3912787,1.7516055,0.7050055,1.7831296,2.5575347,1.6885493,2.5275855,1.3921032,-0.014839018,1.3675972,0.7762938,1.9376535,2.4240057,1.8875335,-0.4098631,1.1437308,3.1704822,0.86409974,2.3476589,0.11221677,0.9639728,1.4784181,1.4566077,2.8845441,1.4182519,2.251331,0.82130945,0.94224906,1.2415061,0.031502463,1.2382275,1.0282031,1.5000293,0.7918556,1.0219312,2.0495908,2.243966,1.453505,0.3120614,1.8781832,1.3341991,2.6503782,1.5030985,1.0971965,0.5501392,1.3490323,1.7229059,1.1467716,0.90222985,1.1895436,0.6465004,1.5886908,1.7282567,1.8131855,3.1464186,0.1439315,1.6500884,0.27659416,2.138986,1.077837,1.7841693,2.2336595,0.38189667,1.7710726,1.8230217,0.5931954,1.6313567,1.3328425,0.71786696,1.4915282,0.7217361,1.5868449,1.8542922,1.3616651,2.1836185,1.244932,0.64144075,0.76143837,1.4472939,0.8674737,0.91312325,0.92599493,2.0170112,1.3650823,1.3698255,1.0650228,0.9228059,4.406575,0.085593596,2.4485197,1.1022558,0.8852075,-0.5732898,-0.58594686,1.6471837,0.6984513,1.9594193,0.61326724,0.56807894,2.3122325,2.1718538,0.87384313,1.0873604,2.2670157,1.4323024,1.7130499,0.9199483,0.63965786,2.0058727,0.17936175,0.9022753,1.4162544,3.0871964,0.25461605,0.37312824,1.9647181,1.1009184,1.8520937,0.9922521,1.4285526,1.2865635,1.1736498,1.2377478,1.2915944,1.8085912,0.16284738,2.4819489,2.243801,0.05847165,2.3710027,1.2221397,1.4152042,1.6940374,1.8423102,0.63454765,1.7787424,1.4569359,0.2721383,1.2476727,1.7311717,1.4891877,1.9116927,0.8073592,0.81222135,0.58378845,-0.17407914,0.9325033,2.1768806,0.49406907,3.411936,2.3873942,1.8330934,0.70556307,1.8718337,1.1922935,2.7547033,1.0708053,1.150828,1.859125,0.2683348,3.3240242,1.2801144,1.170036,0.35099962,2.0496252,1.2685188,0.765582,0.7467707,1.9135329,1.4239541,1.8881115,2.4102435,2.1320782,0.32859203,1.5753951,1.0585412,1.952944,2.931192,-0.15543006,0.7384082,2.3463159,0.71558475,1.0455145,1.9215388,2.0163786,1.2600564,2.4851198,1.4479965,0.9726197,2.417588,1.1984512,1.1053691,1.885131,1.5658143,1.2631863,1.031084,0.73341674,3.1381505,0.79857624,1.4550008,1.0051388,2.7827857,-0.15327612,0.49790344,0.24635701,1.9177154,1.3803145,1.3413776,-0.49175853,0.8503071,0.61782175,2.4004796,1.4152051,1.0742567,0.8665934,2.1433945,2.343959,1.9864446,1.527993,0.9634251,1.4356819,0.81024796,1.481838,1.0137486,1.7237638,1.3034155,1.4590908,3.1042476,1.6552175,3.501282,1.3988748,0.91999304,1.3294979,2.1612964,0.7464294,1.013489,1.0112209,0.8603993,2.3477564,2.3185718,1.6756319,1.9063492,2.7351923,2.3464966,1.454196,0.90528524,2.8432457,1.454085,2.5885398,0.86208165,1.1149877,-0.15593055,2.7945805,0.88587135,0.58524984,1.6276919,1.2371733,2.2036042,1.2592789,1.3676926,0.49058986,0.27263024,1.4749669,1.5331773,0.9735519,0.51381725,0.51723063,1.2963206,1.3920289,0.32689244,1.7241508,2.6845455,1.8669751,1.5204337,0.9223061,2.6725552,1.5680618,1.4641112,1.9123244,0.9578237,0.6527009,1.6148547,0.09675171,0.7550605,0.08227239,1.9833344,-0.21686268,4.5030036,0.61480623,2.0861769,2.3255398,3.1564503,0.92069536,0.6237746,0.23887284,0.94091296,1.1711931,1.1251895,0.3948864,0.90571064,2.051863,1.060003,1.0320814,1.2177217,2.324316,1.4463882,1.9065595,1.0001591,0.8742744,0.08200838,1.444766,0.26988482,1.1563054,1.0972339,1.4827615,1.6415514,0.57082045,-1.3111477,-0.18363538,1.374698,0.09556498,2.6015227,1.817536,0.74245673,0.778237,1.674932,1.2414947,1.5517628,0.5371851,0.86461425,2.2058816,1.1742964,0.33471504,2.7507749,1.3381784,-0.0037260936,0.36465365,1.408169,1.0787848,0.94193524,1.9284669,1.1978428,1.7191379,2.0028665,0.81076396,0.30808514,1.703246,0.96489847,0.10715095,2.5785198,1.854621,1.1646614,0.6879242,-0.024205616,-0.7482534,1.8927646,1.859926,1.4305859,-0.51898646,0.8482219,1.7988468,2.0828066,1.5503743,0.84330904,1.6601821,1.6522466,1.8007138,-1.8059107,0.8135553,0.5407464,2.1006696,1.6978998,1.8046708,1.6072437,0.22347243,0.28465113,1.6522796,1.4038633,1.8110977,1.3947821,0.632747,1.3244898,1.558566,1.4897193,1.0912939,2.0110102,0.77297807,2.2682645,1.7459171,0.83205855,0.12204227,3.7709894,1.4023815,0.56473434,1.7654737,-0.29889163,0.9657656,1.0437527,1.8025094,1.0009351,1.6080043,1.9184992,1.5005186,2.626873,1.832352,0.60025,0.31146818,1.2789211,1.1808001,1.4583479,0.6707392,2.500443,0.5951161,2.3499584,1.9954519,0.14191975,0.71201855,2.0713866,1.1784883,-0.4483361,1.7637925,1.0092711,-0.020751579,0.52811575,-0.029121568,0.6561203,1.6702653,2.126541,0.3619343,0.97435963,2.8334544,1.5388982,1.1247787,0.9443272,2.5605822,-0.20417011,1.0357741,1.6804178,0.16337188,0.3716889,1.6910162,1.2623619,1.4658489,2.7889323,1.6550103,1.4742979,0.53522754,0.7735537,1.0176427,0.8908948,1.2086555,1.9832684,1.8512697,1.103761,0.5706388,0.6136112,0.9953483,1.2111435,0.31251794,0.1570005,1.3036313,0.7629914,1.389614,0.30241954,1.13802,1.2579544,1.4798124,1.7143574,0.48289084,2.3063262,0.6458614,1.0866264,4.0457377,2.7930782,1.3675532,1.8364618,0.8985605,1.004713,0.7706065,0.8945221,1.4167566,0.5396823,1.5078616,1.5091053,-0.05035519,3.7857518,2.0855982,0.4241487,4.082728,2.487735,2.6737406,2.6208522,1.2653718,1.862175,0.6885585,0.99742234,2.1305988,2.3142583,0.17290787,1.2152733,3.198332,1.3613921,0.68453866,0.81716573,1.5866339,1.8948328,1.2956427,0.44667187,2.1071944,2.6073506,1.993763,2.667131,0.29183385,2.1485205,2.3732455,0.91823494,0.9751752,0.9904058,1.495402,1.9000188,-0.058836818,1.5586984,2.0307004,0.6151276,1.7287785,0.3266766,2.1739535,-0.27386796,0.9665197,1.901335,1.3412664,2.1925187,0.9803898,-0.046170663,1.6289794,1.6378026,2.845,1.8008016,1.1977146,0.22338003,1.2616233,1.1750932,0.5197446,2.4676185,2.1177187,1.8716443,2.7110045,0.59001046,0.38861635,0.87711114,1.0455251,1.9413525,0.514288,1.1917493,2.8439362,1.6443996,0.6858467,2.256401,0.69729936,2.0687044,0.12751226,0.70012575,-0.034885906,1.8127232,2.490027,1.8174429,0.19217362,2.641501,1.6840006,1.4871324,3.2729135,0.829391,1.3040174,1.4767131,0.9931041,1.0203923,1.7498825,1.4106697,1.913289,0.59260863,1.2372007,1.8854806,0.15314814,0.64491683,1.1866198,0.6570429,1.4090048,1.2121172,1.0384665,0.73297143,-0.20840482,1.4271603,2.3149087,1.0834343,1.3752218,0.78186244,1.4346974,2.2493122,2.039992,1.2035819,1.1110789,0.68263423,0.9737703,0.50080264,1.8845841,0.6820916,0.78004694,0.8381285,3.29181,1.1914787,1.5776609,1.9536039,1.0369084,0.8864571,0.7969437,1.65677,0.58879197,1.086293,1.2473516,1.1777604,0.9023252,1.0775326,1.2960789,0.87030244,0.1012534,2.1715717,1.3349776,1.5788298,1.4044622,0.075496666,1.8244216,2.1011071,2.7077823,0.9742061,2.7156913,2.0976624,0.06970051,3.1914144,1.9369595,1.2110865,1.3586742,1.376647,1.477872,1.417801,0.38978347,3.9643555,0.7619618,2.2066357,1.6646639,2.2000608,1.3087224,1.8865441,-1.4276798,2.1817188,0.79527754,1.1344616,1.1509836,0.5262173,0.08403763,0.79704183,2.6884594,1.7478542,-0.30507436,2.0634255,0.30361822,0.9277251,0.9382515,2.2108989,2.3954806,1.2217544,0.58637124,1.7271193,1.2221078
1,1.1822324,3.9284434,1.3280247,0.55294544,1.2542362,1.9165771,2.0305088,2.069102,1.6429032,2.1564112,1.6198577,0.8943858,1.4342763,1.3537115,0.95936084,0.9665187,1.7520982,2.49842,1.1172926,1.121268,1.8982054,1.4993138,2.271516,1.6832877,1.1959897,1.4356637,1.1720865,1.6023275,1.637041,1.6779646,1.2634064,0.42129022,0.58378214,1.5623002,1.7082481,1.7599713,1.3473055,1.6254758,1.3303204,1.0480595,1.6055447,1.9456396,1.6740372,1.5357429,1.1481354,2.0267603,1.9679242,0.9744675,1.1694534,0.86992246,1.2299,1.6571289,1.1154072,1.7952635,1.5268335,1.8171268,1.3628933,1.5960754,1.409111,0.21682821,0.709896,0.19218089,1.7721602,1.7293559,1.4584696,0.64725685,0.113269664,1.3628062,1.2400913,1.8636898,0.97170484,2.9519548,1.8357954,1.3689033,1.6955281,1.1473337,1.5001061,1.394405,1.279439,1.6920108,1.1922816,2.0319543,1.2772107,2.5083814,1.1629076,1.7350689,1.530845,1.771612,1.5429665,1.8312986,1.5672723,0.950726,0.9739654,1.6450641,1.5560971,1.6415604,0.5901714,1.4978278,1.9563297,1.654095,1.6133616,1.0154881,1.146227,1.5506141,1.3960022,1.4535381,1.1056291,1.2773837,1.3222697,1.4166431,1.8365997,1.1138488,1.3718432,1.5692939,1.5637462,1.5621325,2.4111073,1.3508303,2.1144123,1.7542545,1.4214253,2.276377,1.9723349,1.5006046,0.7014103,1.006317,1.4978052,-0.13562678,1.7902762,1.5789148,1.7600218,-0.16024102,1.6754458,1.5269265,0.85879797,1.893117,0.9263451,1.1515865,2.1697505,1.7137753,1.5719461,1.5773872,1.9808433,1.0757375,1.5876889,1.8590038,1.851409,2.2989662,1.4379355,1.6229559,1.6742411,1.6966542,1.8037586,1.3664031,1.1444243,1.4664137,0.86403394,1.7637533,2.1379776,0.43707857,1.0967957,1.54841,1.6768608,2.0123162,1.7444181,1.6332707,-0.02643078,1.4904728,1.7865294,1.7133057,1.2997681,1.4350926,-0.23577599,1.1981394,1.3775204,1.7015616,1.0870502,1.4707083,0.52604145,1.1173916,1.7594575,-0.15261465,1.9426026,1.7520422,1.3472378,1.0576084,2.2681348,1.5856751,1.7029911,1.5280175,1.7975651,0.57737017,1.5824118,1.0758446,1.815668,1.4089584,0.65873975,1.2765377,-0.15722518,1.1898458,1.468514,0.8797413,1.8468647,1.7334179,1.5551239,1.3722099,0.9008633,0.9355173,0.47385842,1.0149486,1.4702767,1.8667703,1.4691019,1.6355653,1.9022641,1.58523,1.7710227,2.2145624,1.6401732,1.5493954,1.187326,-0.51081413,1.3358164,0.88681936,1.3669324,0.9383049,2.3707757,1.5384387,1.4511758,1.377939,1.2985399,1.5631105,1.0266428,2.080215,1.7643865,1.4280965,1.6854739,1.7773631,1.4653852,1.879736,1.8238826,1.0516877,0.64257836,0.6140944,1.9923836,1.1990085,1.595751,0.34153634,0.66033524,1.765526,1.012183,1.7011182,2.2076192,1.451203,1.7282151,1.2066251,1.3834556,0.9430022,2.0815673,1.2277707,1.1937755,1.5005376,1.3158149,1.5529705,1.7738875,1.384564,1.5703349,1.6427951,1.1293147,2.1231563,1.2684629,1.5375603,1.8906997,0.0753529,1.1573164,2.005932,1.8454978,1.8098649,1.9047781,1.4798851,1.6954944,1.373893,1.2969089,1.4378362,0.2791311,1.6496328,1.4949332,0.30492833,1.5496713,1.4589183,1.5740387,1.8746903,1.323335,1.5798199,2.1947615,1.9082764,1.3181322,1.90749,1.0843606,1.7515187,1.3887092,1.0734271,1.8296434,1.5889645,2.005769,2.1527264,0.28328928,0.99798614,1.6415209,0.20950283,1.698444,1.1057931,1.5870013,1.2822363,1.8177668,1.5333227,2.4913106,2.0654392,1.2671989,1.6587999,0.93771476,0.2097139,0.8818695,1.7149014,1.5659137,1.5092052,0.3045297,1.4436455,2.0161104,0.1223087,1.7003211,1.3278005,1.2661716,1.5132707,0.9529867,0.51957095,1.487697,1.813795,1.6277065,1.3991462,1.7667964,0.30268392,1.4848725,1.5703795,0.9930887,1.5778072,0.11670376,1.230594,1.7815473,1.1207767,1.5452439,2.5659156,1.9267192,1.2510959,1.1336894,0.9572493,0.1688618,1.2105713,1.3037658,1.6960857,1.1117505,0.85322946,1.8901707,1.7325075,1.6638663,0.74424416,1.3879573,1.1345011,1.7129594,1.6220742,1.5318573,1.2636491,0.95945215,0.8597007,2.2909248,1.3192294,1.2963932,1.0427508,1.3351935,1.2168491,1.8080666,1.7608739,1.5992684,0.6813521,1.4851837,1.7344859,0.83193505,1.6750705,1.7395086,1.3544325,1.5472778,1.8710353,1.422045,1.4890814,1.4798697,1.4422064,1.7397331,1.5139582,1.2928419,1.5382075,2.8535225,1.787896,2.4429517,1.0639706,1.7923591,2.104653,1.0339618,0.6188761,1.5187105,1.6937311,1.5382549,1.454288,1.2544817,1.4576002,1.5772508,1.0041126,1.7070323,0.67717063,1.3635292,0.14860141,1.1706568,2.0152984,0.999992,1.6208955,1.1481535,1.1552633,1.4511832,1.46992,2.3667166,1.1727973,1.2103394,1.0707313,1.9521774,1.3737881,2.1579103,2.2926686,1.1175605,1.2056803,1.7253345,1.476555,1.1746649,1.0703379,2.00172,1.7559702,1.5134137,1.9640615,0.91355354,0.83991945,1.0153058,1.7440858,1.3152084,1.3881953,0.8198406,1.7808547,1.3957891,0.5017844,1.5387306,1.483361,1.3956604,1.1370758,1.5987625,0.08586597,1.5468769,1.6771479,1.0168177,1.2103385,1.8714626,1.5943134,1.1589196,1.5986447,1.5700969,1.1488665,2.3604236,1.3750921,1.7191383,1.4144063,1.596446,2.024923,2.2179503,1.478354,1.6587856,1.9134134,1.712717,1.3754362,1.2962649,1.9013542,0.6854846,1.4621643,1.540958,1.27542,1.0981266,1.3916339,0.9589719,2.2279274,0.8919281,1.9218276,2.5066576,1.4442798,1.7535218,1.5958488,1.9012578,1.4294567,2.1448255,1.3116677,1.4845779,1.453807,1.2389442,1.8564242,1.6000398,0.9019832,1.7997631,1.6446035,0.9646042,2.0124125,0.70342284,1.1349052,1.5029716,1.3574425,1.3515291,1.7813733,0.7033826,1.0834552,1.8175026,2.0183332,1.5543199,1.8417627,1.396411,1.7321008,1.6558193,-0.38851073,1.9016668,1.32706,1.475357,1.2918279,2.1903732,3.539213,1.3653913,1.6133605,1.9142402,1.616315,1.2793955,2.5283563,1.8171992,1.2899208,2.0889275,1.6345707,1.6720446,1.0057064,0.7844943,0.94595635,1.6993668,1.8285043,1.0426451,1.0365951,1.91314,1.5840387,1.6277912,1.7483047,1.4422137,1.6452384,1.5441582,0.58598465,1.8551722,1.1535311,1.7462672,2.0298965,1.5820184,1.7988006,0.9776725,1.6032155,1.8806139,1.1376284,0.9543176,1.3517699,1.4054619,1.4522388,1.6768938,0.79467833,0.755121,1.5890125,1.0583006,1.553918,2.1565378,1.0946418,1.8018187,1.0935446,1.7976732,1.7421436,1.1096239,1.5142473,1.7457173,0.9163043,1.302026,3.1001315,1.6248729,1.6410446,1.2186834,2.0802739,1.4622446,1.1419342,0.98356533,1.4110433,1.105358,1.2435466,2.1299882,1.408626,1.0170232,1.2804619,0.95826805,0.6226956,1.1666913,2.015487,1.9256282,2.911783,1.5133077,1.7621651,1.5281498,1.8634144,1.4814444,1.0771134,1.608157,0.5906691,1.3900982,1.2454529,1.9597629,1.0489227,1.3856075,1.8305333,-0.63107216,0.7517213,1.7113062,1.608332,1.6600014,1.455298,1.6471103,1.8633255,1.2606117,1.5510048,1.5285159,1.2926476,1.0774666,1.3015498,1.3655254,0.7546092,1.8776829,0.9869896,0.9600899,2.9279664,1.5862039,1.7281971,1.2683694,1.717748,1.5337558,1.3169587,2.175962,2.2730992,1.2948811,1.4778425,1.5735797,1.2253131,1.3616114,1.1996275,1.7002051,0.27708682,1.2226386,1.5157079,1.7106887,1.7070488,0.6321716,1.5338533,1.3956597,1.1648114,0.62672234,1.6163205,2.022105,0.9297286,1.6671964,2.0863965,1.1135204,1.8879055,0.48651558,1.5137659,1.3380923,1.2901444,1.198864,0.8441756,1.7806194,0.838897,1.6297212,1.5892994,1.1535053,1.5945039,1.2840115,0.9800741,0.18223421,1.1267267,1.1408352,1.7789295,1.880223,1.560383,1.9066554,1.3187115,1.3080837,1.162498,1.4583793,1.7058465,0.97862875,1.8505628,1.3298839,2.0604916,1.3960497,0.9755159,2.0722365,0.9707537,2.1237624,1.6998543,0.45709237,1.8168972,1.581273,1.306105,1.5837728,1.5715753,0.9159395,1.0415218,1.1676613,1.4459585,0.89266706,1.8528565,1.5642447,1.4262178,1.64155,1.4321319,1.4378645,1.1961782,1.3319769,1.7886196,1.0588207,1.9438684,1.3265703,1.2543417,1.4426907,1.6652286,1.046497,1.0401905,1.7676727,1.2933997,0.49339586,1.6743435,1.2279218,1.7595255,1.2451643,1.0558925,1.6388278,1.6674423,1.5653073,1.5340583,2.628761,1.8290771,1.9082748,1.8557707,1.7543538,1.5528766,1.8051547,1.1658062,2.0810814,1.3538134,0.26937658,1.6142896,1.8393255,1.4854333,1.6071922,1.5094029,1.6555047,2.3034139,1.3190467,1.2448317,1.6467031,1.9506145,0.93985754,1.6330504,1.293142,0.8556367,1.1548939,1.1235992,1.4949551,1.3551466,1.6930115,1.482543,1.3283705,1.4159632,1.8340442,1.3213521,2.1043868,1.1862142,1.8075943,1.3486398,1.5616751,1.187656,1.7398669,1.4583287,1.744556,1.6124115,1.8615065,1.4916103,1.6677942,0.95263857,2.3598084,1.0327823,0.6435611,1.684675,1.740013,1.7604996,1.5685087,1.8947467,2.644249,1.500186,1.5816389,1.7838591,1.4051812,1.5948353,1.7141783,0.9388515,1.2392881,1.4195621,1.5089234,0.4042094,1.7441274,1.5701758,1.0889633,-0.26393256,1.4352543,1.3674551,1.7619655,1.1852692,1.9535384,1.8164126,1.5066161,1.9394935,1.7556757,0.8036515,1.7970996,2.0209925,1.629008,0.72738963,1.5602124,1.6800638,1.4582332,0.09272041,1.6250437,1.6798284,-0.21199238,1.3792013,1.5956402,1.9729292,2.583505,2.0844653,1.6185017,0.83586234,1.7125435,1.2478901,2.0031555,1.1432363,1.5970036,1.7981758,1.3011547,2.1215994,0.9227644,2.1470869,1.2526886,1.6850686,1.4407222,1.5466456,2.1768274,1.7816467,0.8251392,1.7856659,1.4902179,0.8760765,1.6015755,1.1125965,1.5177486,1.6329478,1.0660263,1.1943521,1.378645,2.4975197,1.9189557,1.2032323,1.3380818,2.5246353,1.091179,1.7919692,1.8910471,0.83190703,1.6657853,1.311056,2.0404272,1.6061138,1.5605065,1.9933335,1.9556493,1.2625731,1.347687,1.7649032,1.5074228,1.639317,1.1822327,1.0727646,1.3946172,2.321642,2.0708003,0.44515547,1.7061884,1.1584364,1.3757606,0.21699192,1.5189319,1.5758733,0.768601,1.4913173,0.9450659,1.202368,0.270005,1.8053708,1.4870087,1.5461625,1.6145412,1.6038456,0.9788119,1.2445832,1.0299139,1.7334687,1.0680858,1.4811223,1.8422512,1.5326664,1.5820925,1.1842223,1.1764935,1.6146208,0.53904086,1.4339386,1.0986278,0.9387096,0.9001082,2.1028872,1.4929129,1.4718034,1.8418409,1.9562858,2.1525884,1.7056725,1.4277878,2.4534874,1.197128,2.4402013,1.6937166,1.6460243,1.8535932,1.7339402,0.7297206,1.5764569,1.5973034,1.7431384,1.676774,1.9675047,1.4280494,1.259341,0.34494573,1.0647553,1.3903667,1.6900984,1.5601331,0.524542,1.3511517,1.0526102,1.6618735,2.830057,1.8335164,-0.65836906,1.5218488,1.9742167,1.6090816,1.5942155,1.9168239,1.5402735,1.371158,1.7321289,1.6085552,0.2307015,1.5065136,2.03223,2.3234675,0.966377,1.6132047,1.6071285,1.4413514,2.1613808,1.3018435,0.8091968
2,1.3929521,1.6186022,1.398124,1.1858221,2.2230399,1.3231415,1.0716695,1.4205756,1.1130799,1.4168142,2.288922,0.9258828,1.7174649,1.1661353,1.1405717,0.7578408,1.4029684,1.4342022,2.2999687,2.1078887,1.2060046,1.0597059,1.511779,1.2741551,0.5883702,1.0660226,1.5092123,1.8820788,1.1988344,1.2853707,1.2235758,1.2838109,1.8882552,1.0542055,1.9752264,1.4145889,1.396059,1.2812421,1.2284458,1.1878047,1.2527397,1.7787646,1.2661244,0.9021495,1.7570047,1.9528835,1.7829564,1.1514748,1.371219,1.0693743,1.2711328,1.5858521,2.2184002,1.4615606,1.8928553,1.3251264,1.5885116,0.88932127,1.1834859,-0.6489286,1.2881305,1.9518126,2.368616,1.582961,1.192774,2.0354948,0.7790186,1.1431282,1.1410323,1.1538558,1.2314254,1.7588217,1.5714717,1.7143023,1.4097663,1.441531,1.7481513,1.2666922,1.2744635,0.8114027,0.89453167,2.7863307,1.2254936,1.3836387,1.0225991,1.1176726,0.62098694,1.6235116,1.4279143,1.339211,0.40988725,1.9622616,1.2687453,0.91825503,1.4168264,1.1344938,1.7674164,1.159841,1.3485861,0.677058,0.8586251,2.1884482,1.3502882,-0.12911005,1.4583622,0.89797276,1.3412,1.0307237,1.8589025,0.912892,1.6078458,1.5793222,1.288465,1.0427923,1.2216167,0.7803003,1.6153731,1.4205,1.2499119,1.9584179,1.472992,1.5646911,1.7087924,1.7342805,0.311246,0.962429,1.6170284,0.27843305,1.2892708,1.0079883,1.6244318,-0.1526736,1.6123945,1.294985,1.3325497,0.9770891,1.510487,0.7954992,1.5369574,1.2342151,1.0674547,2.0841897,1.4287106,0.93251705,1.4615126,1.7243749,0.73849875,1.5946685,0.45406994,1.0596286,1.008051,1.0624264,1.5501068,1.813102,1.5164127,1.1214185,0.94541943,1.5749958,1.4958354,1.741334,1.2902232,1.194718,0.9163221,1.9948758,1.7380097,0.9401392,0.39249873,1.9592932,1.2954767,0.977994,0.39912543,1.518187,2.0890937,1.6573505,1.3521382,0.6787742,1.8904618,1.6122501,1.1548243,-0.008027417,1.6319449,0.7351933,1.2019653,1.3442248,1.3721547,2.1266758,1.36835,1.2224127,1.1297721,0.923314,2.0531342,2.4624054,1.7767177,2.0193872,1.8565916,1.6030525,1.000887,1.5301119,2.218054,0.74638456,1.7055432,1.6977634,1.0828757,1.3083031,1.6431121,1.0485326,1.267845,2.1415606,0.80543363,0.82237476,0.8525318,1.4015993,1.4677266,1.6762367,1.4113029,1.7995852,1.6771296,1.523934,0.8423653,1.2940016,1.2502226,1.506609,1.6587781,1.1869231,1.0875454,1.7876371,1.136172,0.7683612,1.2964995,0.23500626,0.86809427,1.2742044,1.0961989,1.6709644,2.3166878,1.6148723,1.4863119,0.8497956,1.2874539,1.0272171,1.2410209,1.7830646,2.1815765,1.2613926,1.1916748,0.7677032,1.4086775,1.878216,3.3919837,2.1606677,1.4147514,1.2722459,1.3534137,1.3679056,1.8553336,2.288642,1.3838822,1.3919472,2.0398664,1.2049389,1.5474023,1.7465247,0.41443914,0.92474407,1.0179486,1.4988389,1.4210032,1.1377327,1.3126115,1.1644875,1.9427775,1.325113,1.7690134,1.7392012,1.6454374,1.507965,1.6443385,1.1217613,1.2506185,1.2333696,1.2279487,2.5704331,1.7488052,1.8876864,0.96890026,1.4197005,0.90966296,0.257575,1.4586493,1.36033,1.1624649,1.479774,1.7549396,1.4385848,1.3399633,0.9649662,0.94853437,1.4194207,0.7083157,1.580851,1.1645955,1.1525952,1.5214609,1.2679381,1.0878253,1.9570336,0.23652737,1.8352169,1.245084,1.9611388,1.4260092,1.6534804,1.1014299,1.8976771,1.4691648,1.020204,1.3215096,2.1021829,2.0299718,1.4825631,2.2310584,0.685828,1.4864786,1.2405858,1.2068132,1.8060819,-0.11838904,1.0540655,1.2892232,1.7512058,1.5585951,1.8534225,1.9142547,1.564506,1.6847377,1.8368735,1.7977865,1.407836,1.378695,1.53267,1.5352412,0.98007506,1.4391135,0.8851609,1.2587862,1.3412995,1.6340111,1.8679956,1.2086767,1.6167289,1.1770738,1.5912249,1.3335811,1.5140373,1.3593031,1.0057981,0.49852508,2.0554516,1.2466351,1.4039563,2.4825816,0.93839866,1.4764941,1.2591288,1.2531364,1.6961366,0.9472074,1.4628955,1.0022281,2.3408597,1.7331797,2.255749,0.933776,1.7218616,1.5460879,1.5541068,2.415518,0.9268743,1.1603785,1.5676072,1.4911686,1.1687148,1.4319962,0.120427825,1.5641457,1.4573693,2.7321422,1.2922632,1.0101327,1.1313854,1.2280129,1.2668542,1.6309785,1.0850488,1.8049743,1.4295362,1.2715547,2.3055327,1.0390553,1.5539321,1.3454189,1.1905142,1.4751991,1.4236593,1.3692898,1.5551041,1.9687797,1.8435414,0.9270243,1.2233403,1.7782038,1.0759305,2.0398393,1.9478843,0.9547828,1.742819,1.3420877,1.224663,0.11483392,2.3469965,2.2693245,1.2452413,2.2648213,1.174437,1.33303,1.0120937,1.2148906,0.8567677,1.7427946,1.264668,1.5023371,2.239442,1.5584562,1.9093076,1.9714082,0.91902566,1.7095474,1.3424674,1.4419847,0.9546834,1.3591056,1.6675858,1.3361325,1.113028,1.5943741,1.6131779,1.1736423,1.3794496,1.1930482,1.6322048,1.1795931,1.4134513,1.130822,0.9616475,1.189505,1.3241669,0.9086691,1.5013483,1.8619235,1.7027978,1.367111,0.96966624,1.2186809,0.9506928,1.2748971,1.4066358,1.4150351,2.137948,1.5142466,1.3532045,1.1306337,1.6178626,1.4115239,1.2405524,1.4476805,1.6779156,0.92080384,1.1621125,1.5072403,1.5148346,1.1084226,1.3776269,1.3470317,1.1323547,1.2800304,1.5764593,0.8413309,1.2380278,1.8437763,1.4843103,0.5552293,1.5382042,1.461693,1.5654022,0.85500574,1.1424897,1.2885739,2.0591156,1.56206,1.1816068,1.2745268,1.2541882,1.4885795,1.4843816,1.5575987,1.1297872,2.4585295,0.97814775,1.5245744,1.4452755,0.9235438,1.3881049,1.8904761,1.0765065,1.0333081,1.7163318,1.4495527,0.86628777,2.005854,1.2817137,1.3327932,1.1203257,2.4611566,1.4594959,1.0354091,1.0136545,1.2478716,1.8661455,1.3415188,2.4453444,1.7379446,1.3699534,2.0487535,1.5033215,1.640244,1.6942878,1.2178866,1.4366022,1.3427544,1.7850373,2.4056096,1.4172641,1.6744497,1.3244556,1.6623307,1.3291268,1.8654537,1.1580876,2.7421594,1.4674963,0.9735062,1.4788105,0.9558354,0.41082054,1.1501002,1.7740833,0.9995093,1.7674587,1.2565463,0.7634803,1.2472103,1.84425,1.1702778,1.4718869,2.3466947,1.3189044,1.0561969,1.4289571,1.624819,1.2560439,1.3319265,1.4409431,0.91028273,1.0295751,1.7227232,1.2093444,1.3101472,1.432784,1.3264493,1.1477811,1.5135818,1.2796167,1.5287205,1.447862,1.4279759,1.6986592,1.2992636,1.4392047,1.3453603,1.127665,1.361607,1.3298607,1.0735518,1.5122943,2.2430947,1.7771142,1.8323843,1.1102246,1.4608252,0.7910251,1.0229204,0.5170057,0.8551658,1.944155,1.4900191,1.0253643,2.074924,1.0579348,0.93963784,2.1234508,0.6230358,1.493907,1.139896,1.5352602,0.5850036,1.9516642,1.6218497,1.0995356,1.353035,1.3177514,1.2533762,2.2304356,1.2609522,1.7870264,1.140736,0.9185507,1.0566101,1.2293783,2.3646896,1.0997773,1.4506583,1.052886,1.8620737,1.300589,1.8399466,1.5323905,1.754405,2.021452,1.8388509,1.9614166,1.5740529,1.3999401,1.7314504,0.0035431583,1.5538225,1.3393786,0.6508599,1.6961868,1.3547788,1.1822318,1.8754051,1.2597098,1.4998093,2.4880888,1.6460409,1.7253228,2.6195393,1.3037903,1.3434607,0.8190383,1.5272834,1.1635617,1.5823429,0.7728971,1.1655046,1.6247083,1.3612746,1.0571427,1.0734557,1.1307122,1.2305772,2.9687285,2.1752036,1.7556771,1.8778292,2.5469184,1.4424455,1.3800659,0.977438,1.3711469,3.061973,1.8454899,1.2152913,0.33845198,1.3239,1.1587496,1.8762954,1.4696593,1.6720755,2.1139112,2.421439,1.3312207,1.7116218,1.763609,0.23985311,1.0421937,1.8759245,2.0731885,1.0354629,1.3022007,1.6876198,2.1210444,1.8217225,1.1400952,1.1677468,1.5093071,1.3941488,1.6235415,1.6721199,1.2476752,0.62037146,1.8872793,1.5892262,1.910892,1.2526721,1.5833534,2.394975,1.6694148,1.0952134,2.0824647,1.0334473,1.835522,1.724921,1.7439128,1.5604919,1.1068547,0.83361477,1.5051961,1.603091,1.2524564,1.150478,1.7513311,1.415278,1.3962784,1.063068,1.5909563,1.8126032,1.8401068,1.2064241,1.8705447,1.5926217,1.5036085,2.1636262,1.4419129,1.4067742,1.9236293,1.7672327,1.5459223,1.698724,1.7523022,1.9080464,1.6103336,1.9039339,0.9512983,1.1861277,1.5204368,1.5141715,1.0152599,1.4042763,1.581941,1.6895422,0.94152784,1.3752586,0.6413342,1.5894964,1.728014,1.7678328,1.482779,1.7894114,0.86571926,1.1865971,0.6445079,1.4104903,1.8937159,1.0812012,0.7449895,0.9814888,1.0003563,1.12759,1.371874,1.4302068,0.2776939,1.4850543,1.727044,2.1778371,1.4805701,1.6733207,1.0627007,1.2394298,1.1091138,1.5138738,1.6788951,1.5635998,1.32019,1.1887801,1.6670328,1.0270805,0.7498847,1.5048513,0.80849683,1.135058,1.4406365,1.317693,1.4528986,1.8764182,1.3149056,1.5438509,1.595192,0.87920487,2.5434306,0.97540647,1.0453709,1.1562762,1.6622877,1.7391801,1.0476426,1.632152,1.4188126,1.121292,2.057726,1.4238172,1.271274,1.8756896,1.1451507,1.1525229,1.6082407,1.4444638,1.14278,1.408543,-0.35861927,1.2899705,1.4796317,1.3417962,1.1661428,1.6790372,1.1809536,1.0817133,1.3443226,1.2130644,1.2226632,1.3903273,1.0517848,1.2432195,2.276847,1.619725,1.5566319,1.1339676,1.1286398,1.1500739,1.4264646,1.0514901,1.9490076,1.0277146,1.1398852,1.7339578,1.6415966,1.5367845,1.2499739,1.0985606,0.7812347,2.4843645,0.9095333,1.2391226,1.1133819,0.883836,1.5989096,1.5210888,1.7405505,1.3613721,1.306222,1.3205416,1.1778151,1.2886758,1.1705569,0.8545182,1.6160666,1.8976988,1.4166849,1.5696424,1.7129229,2.112344,1.1782168,1.3821715,1.2162153,1.3341445,1.6155597,1.191947,1.4967136,1.9456908,1.6213876,1.4963105,1.2936287,1.6546485,1.7546644,1.4719074,1.9122978,1.3242835,1.1812891,1.7433381,1.0329406,1.2789923,0.6442779,1.467609,0.9055127,1.3814936,0.8806741,1.7121637,1.5611892,1.1990695,1.8028097,1.7691263,0.52279145,1.8131554,2.238011,1.474002,2.5976229,2.0859475,1.2237617,2.162884,1.5698695,1.6220323,1.3280693,1.7409055,1.5867219,1.1964418,0.73820794,2.1131558,2.4118104,1.6911474,1.6087627,2.5208144,1.2376953,1.8714085,2.0043962,2.0227084,1.0943735,1.9455056,1.2993481,1.2958288,1.4134411,3.4987953,1.9303371,1.142379,1.271896,1.4845607,0.8399661,0.8317214,1.4523238,1.4002175,1.227171,1.8072339,1.0513508,1.0447077,1.5942488,0.94793576,1.5274096,1.0928891,2.4533978,1.4216665,1.1669037,0.3465689,0.81586754,1.1824913,2.0233073,1.3354286,1.353666,1.1049336,1.7706435,2.3434181,1.3699996,0.6268729,2.2812085,0.89027816,0.93878186,0.8379336,1.4071796,1.6198243,1.4767984,1.1617547,0.46527997,1.3007332,1.5711304,1.9238247,1.3825754,2.1546364,1.2240298,1.0460691,1.4137554,1.1248853,1.3478031,1.3468143,1.6174737,1.7234086,0.84332174,1.5915296,1.0533379,1.318016,1.6568743,1.0916166,2.67876
3,1.323438,0.896906,1.304027,1.6660872,1.2987301,1.6423247,1.6009157,1.4524571,1.480645,0.9232208,1.3667156,1.0185118,1.2353984,1.3734947,1.3635145,1.5239294,1.4313347,1.2669802,1.404063,1.2427748,1.8092963,1.3006201,1.2675735,1.3009056,1.0637549,1.5280498,1.9215658,1.4443716,1.2636542,1.7045324,1.4305673,1.507245,1.4444234,1.5883485,1.5447298,1.5089669,1.1416683,1.3648388,1.5209914,1.6258544,1.3672599,1.2552627,1.6600347,1.2889266,1.4650207,1.3343447,1.2065516,1.3541168,1.5267446,0.5730729,1.4768955,1.6276804,1.356069,1.3060935,1.7417775,1.5767705,1.3503736,1.768098,1.43407,0.78561705,1.351051,1.1175517,1.2493453,1.3110507,1.2349578,1.6062907,1.4663141,1.9696304,1.0717344,1.2793409,1.1774676,1.3384422,1.4388258,1.2767873,1.3188893,1.6719137,1.3646365,1.6125886,1.5413449,1.5381479,1.0876242,1.3696815,0.936857,1.314831,1.4880447,1.4495159,1.4710051,1.5158138,1.3461757,1.3498755,1.6015033,1.6227906,1.2818092,1.7833117,1.5581304,1.1981077,1.2310199,1.628431,1.4618708,1.3020616,1.1864499,1.2648045,1.6281921,1.3088669,1.3887297,1.6142893,1.2780023,2.2291617,1.2924261,1.2943261,1.5160271,0.97529966,1.6982069,1.1136932,1.5436229,1.5609795,1.0589625,1.1618748,1.8284472,1.5499314,0.97192377,1.4635825,1.4607488,1.1950092,1.6586305,1.3458953,1.3553541,1.8499457,1.3511819,1.558259,1.2925483,1.4804479,0.712802,1.4174316,2.0889585,0.98259825,1.6669767,0.67322356,1.3712202,1.0822127,1.4637983,1.3083255,1.1415573,1.4556794,1.6339787,1.3918494,1.0648406,1.6978785,1.2306669,0.8733591,1.9646416,1.6104723,1.0441022,1.7199242,1.2830698,1.3399507,1.5556718,1.4932166,1.7195288,1.0755265,1.2579675,1.4136084,1.2839077,1.0908217,1.4730369,1.351036,1.8294616,1.6107013,1.305177,0.96091217,0.9590035,1.764714,1.854823,1.5364997,0.696173,1.1401105,1.4114684,1.5448382,1.3715183,0.5281864,1.2064424,0.86507505,1.587407,1.3125168,1.310498,1.5493919,1.1369005,1.4289782,1.5231311,1.542643,1.4594216,1.6086692,1.485779,0.6371586,1.4766577,1.3934629,1.3066083,1.2889917,1.3137597,1.8316051,1.328099,1.5075448,1.3397104,1.7922549,1.5506197,1.3714967,1.4959141,1.3832939,1.4436215,1.161063,1.0891473,1.330205,1.4186984,1.7264643,1.3476737,1.3156834,1.5093873,1.5181259,1.0828683,1.3844044,1.3859394,1.3659929,1.478149,1.260805,1.3654264,1.4942855,1.5287149,1.0118365,1.7932917,1.7164239,1.435912,1.3625815,1.6053231,1.3753998,1.5357366,1.3864801,1.2709665,1.5239064,1.4715452,1.1944187,1.1674684,1.4496437,1.5656296,1.6459113,1.4836884,1.3918178,1.6026002,1.2280778,1.5661178,1.3613542,1.359525,1.4997034,1.0425198,1.3402677,1.3500555,1.4283483,1.3200098,1.4437087,1.4983133,1.8014513,1.0360687,1.6509167,1.3707112,1.3656123,1.2461458,1.4817563,1.2558644,1.1930054,1.0401925,1.2777472,1.5311768,1.4191531,0.71699274,1.3968432,0.9924706,0.81683445,0.97588176,1.402916,1.5626415,1.2491163,1.4609656,1.3434594,1.4090362,1.661032,1.8324094,1.4162189,1.36023,1.0660264,1.2723417,1.597195,1.7996682,1.3087305,1.3769851,1.2784121,1.4548254,1.2186207,2.0322514,1.1450032,0.7713714,1.4499869,1.3982264,1.8725464,1.4218878,1.0830891,1.7622617,1.270288,1.6136218,1.402047,1.2580705,1.5248778,1.2858523,1.0612732,1.2155969,1.73507,1.5551462,1.161235,1.0536737,1.4755815,1.5580869,1.3634897,0.9410812,0.0030669014,1.7905347,1.1714247,1.4353034,1.3856629,0.7205091,1.818546,1.2631319,1.6961725,1.5671098,1.697583,1.3179835,1.4681093,1.3322871,1.3151907,1.0998523,1.1822561,1.215539,1.2959931,1.2150766,1.8145273,0.7539233,1.5298045,1.1999828,1.387648,1.4821945,1.5044118,1.1752077,1.298974,1.6252507,1.5972506,1.5681053,1.5792229,1.6688603,1.1153901,1.6715143,1.1910592,1.8298234,1.3659233,1.4347157,0.48764303,1.5284216,1.6464984,1.7638115,1.5636386,1.374419,1.3610415,1.6872736,1.6173781,1.5334076,1.4280581,1.1002024,1.3267739,1.3167403,1.1816672,1.4291155,0.9422037,1.1389095,1.2942177,1.3818758,0.9437311,1.061685,0.7759472,1.7327156,1.2427601,1.470318,1.3024406,1.5196022,1.6351157,1.2320359,1.3032084,1.4038234,1.2577341,1.5256712,1.4260743,1.6349425,1.3047006,1.1022385,1.537891,1.8306472,1.4527844,1.1562536,1.2670583,1.0633273,1.3021162,1.5569115,1.4243878,1.4476627,2.0253403,2.0180044,1.043393,1.524433,1.6522415,1.8142046,1.39805,1.5371404,1.4426602,0.77521074,1.9065421,1.3055556,1.1871209,1.7109647,1.3231395,1.3791318,1.2343597,1.7492955,1.6459748,1.1955771,1.3781815,1.3049725,1.4275466,1.7821971,1.3477238,1.3176469,1.4590724,1.1757808,1.4437807,1.0937132,1.51797,1.5521226,1.9618422,1.4552088,1.4762067,1.5473024,1.4078238,1.8361638,1.3985335,0.95536613,1.3689797,1.3397803,1.0860648,1.3485633,1.4473162,1.3842925,1.2704268,1.3590101,1.3605511,1.1932105,1.3171293,1.4324837,1.4928285,1.3204485,1.241363,1.4535223,1.2946736,1.2198039,1.4392351,1.2291143,1.6407806,1.4095085,1.3241296,1.2206095,1.3467629,1.3726964,1.419474,1.2169797,1.0765947,1.2272252,1.5099167,1.4857446,1.3439091,1.6155542,1.6422149,1.9424189,1.3557762,0.92631483,0.9950218,1.567619,1.8385054,1.21254,1.3914267,0.99757916,1.3811243,0.9954131,1.476118,1.3355963,1.3865796,1.4830961,1.9870884,0.7472764,1.4705586,1.2671598,1.4139403,1.5513633,1.1709964,1.5361751,1.4997799,1.1656721,1.355756,1.0429788,1.2196721,1.3161646,1.7002107,1.4028249,1.3306115,1.3823597,1.6061369,1.3623736,2.0126245,1.4404103,1.4413022,1.4145036,1.0387765,1.6155481,0.91631114,1.1552551,1.4427667,1.4251977,1.8142382,0.74014765,1.8510433,1.4124508,1.3712453,1.3311031,1.0351788,1.3719536,1.2299896,1.5167977,1.4573427,1.6248266,1.3289813,1.3497578,1.3026919,1.2198384,1.1204317,1.3754832,1.0538441,1.4856814,1.3749542,0.90911496,1.586573,1.0815054,1.573653,1.162983,1.3882244,1.3729155,1.1746866,1.3894068,1.6511616,1.6118407,1.4284027,1.1133169,1.3494301,1.3900254,1.6074473,1.4390839,1.3523128,1.8121203,1.3018501,1.2272191,0.8230777,1.1594524,1.5537648,1.4241023,1.0602409,1.0319946,0.8998923,1.235637,1.4184611,1.4109156,1.6760756,1.1344082,1.305423,1.2288479,1.1440905,1.3066523,1.2994277,1.2079374,1.5549523,1.2808999,1.2752192,1.3716933,1.0720464,1.3432373,1.3588959,0.98142594,1.373295,1.3731335,1.5631541,1.8485358,1.1009722,1.5315787,1.113492,1.4031842,1.3434626,1.3199154,1.3242412,1.2411729,1.514801,1.7406646,1.2352115,1.5726584,0.8596181,1.9655724,1.2881635,1.343291,1.6477962,1.380687,1.4003348,1.3076067,1.5481582,1.499827,1.1754409,1.2503452,1.6320683,1.406408,1.2151552,1.7471452,1.2145933,1.3402069,1.3415959,1.38681,1.1255813,1.2847543,1.2315938,1.2676184,1.5772401,1.5009694,1.4176186,1.2435242,1.5210134,1.1386291,1.1339841,1.1337439,1.603872,1.6427143,0.92072666,1.328973,1.3171405,1.0577877,1.4986577,0.92883956,1.485321,1.5711553,1.0124471,1.3858042,1.4326377,1.0546263,1.0572968,1.5081406,1.3198183,1.4551032,0.80031145,1.3690462,1.3064512,1.377369,1.5681016,1.5064476,1.3429085,1.5051211,1.4361755,2.002284,1.2434292,1.5248868,1.5730869,1.4091237,1.3864005,0.7636505,1.428536,1.7111615,1.4660573,1.1930368,1.1746391,1.4777883,1.599994,1.3209603,1.3846308,1.2792656,1.5819705,1.3414272,1.231563,1.1915863,1.3205341,2.3173068,1.1178081,1.235664,1.331281,1.4204166,1.5552603,1.5706366,1.41226,1.3756428,1.4841951,1.0549117,1.2661529,1.2316267,1.3021475,1.396736,1.5383096,2.2331538,1.401909,1.4571921,1.2332696,1.6401064,1.3420324,1.6214021,1.361786,1.4421216,1.4812379,1.210737,1.3494803,1.6571462,1.8713758,1.383879,1.4231204,1.2105616,1.1692516,1.5022056,1.2447541,1.0829129,0.9885404,1.4542106,1.958771,1.3492715,1.512122,1.4471114,1.2055484,1.6929004,1.053359,1.5512103,1.2743516,1.6343714,1.7109979,1.5512283,1.5360432,1.5069077,1.3232497,1.6386536,1.1975203,1.5385463,1.4186997,1.3418878,1.1882141,1.5707563,1.5688891,0.97358114,1.3537878,1.1522841,1.4062357,1.0637037,1.4555317,0.7736009,1.4604212,1.4711928,1.4489137,1.6771482,1.485331,1.3005948,0.95046043,1.9681311,1.423586,1.4002516,1.4531604,1.2024949,1.5954803,1.0498635,1.506959,1.4992092,1.2789356,1.4233277,0.8758405,1.6820594,2.5457802,1.3202392,1.8756238,1.4803305,1.3310581,1.1033124,1.2950788,1.2899781,1.1592652,1.246483,1.3711374,1.4394207,1.2578987,1.609165,1.2642024,1.2542807,1.3454821,1.2636682,1.3808001,1.6571794,1.3036543,1.6870098,1.2790245,1.2740744,1.3009562,1.593468,1.322904,1.0266302,1.1037638,1.4954618,1.45,1.0935884,1.9290184,1.6079208,1.4365466,1.3362249,1.4307363,1.3228012,1.2878134,1.3525147,1.4757562,1.2613819,1.5655966,1.0337179,1.497301,1.5478829,1.4664584,1.2455434,1.4535513,1.232567,1.7843524,1.0092964,1.6048704,1.2286462,1.4579469,1.5151596,1.977239,1.2901713,1.0781506,1.3111433,1.4920726,1.3133413,1.1285179,1.5434567,0.94686806,1.3144898,1.5322479,1.4483632,1.3080044,0.7761922,1.6087564,0.8615625,1.350328,1.4195006,1.3471668,1.505502,0.89388114,1.1705543,1.5199183,1.5002655,1.3015845,0.8903464,1.3919771,1.4092596,1.6537172,1.5785478,1.3389531,1.2320946,1.4690683,1.6037288,1.1960752,1.6387228,1.0965247,1.2549284,1.3873113,1.4082807,1.301231,1.3054148,1.5641644,1.2684989,1.9098372,1.677826,1.464786,1.2897166,0.8669895,1.3218021,1.0182961,1.3282613,1.6461376,1.29051,1.5044428,1.3884904,1.3164327,0.99209344,1.0245569,1.2320837,1.2352923,1.3328223,0.844658,1.3277447,1.4102104,1.3020195,1.6513187,1.464484,1.1185786,1.3255134,1.2292526,1.1515943,0.82485026,1.3675711,1.5331271,1.4038738,1.5889739,1.4966632,0.9652079,1.4784548,1.3853552,1.6252196,1.3186599,1.3670353,1.597174,1.3470502,1.0953926,1.2767894,1.214467,1.2397383,1.5984294,1.3285724,1.516988,1.34215,1.2252463,1.2375389,1.5163267,1.5852001,1.6532004,1.3662791,1.4757771,1.4668764,1.5041467,1.3026717,1.0613858,1.3023685,1.2100626,1.7670009,1.3128725,1.2813122,1.4137105,1.4858586,1.163457,1.3795456,1.3088484,1.1664767,1.2877387,1.2344762,1.412715,1.5184892,1.3871487,1.1734927,1.1156222,1.293029,1.1281483,1.7246966,1.4350852,1.2344658,1.599446,1.48248,1.37192,1.7740192,1.4481927,1.6883086,1.7701683,1.4511384,1.3611687,1.2658901,0.93970376,1.2618183,0.5011494,1.5767963,1.3860542,1.4748524,1.3658968,1.255837,1.2836007,1.415896,1.5333474,1.5455737,1.176834,1.2646548,1.3220004,1.3001171,1.3695546,1.085515,1.8670052,1.3817297,1.3950753,1.073615,1.4260346
